3d points:
    0:
        delx: 0
        dely: 0
        delz: 0
        diam: 13.61359977722168
        length: 0
        x: 608.1929931640625
        y: 557.6090087890625
        z: 30.866100311279297
    1:
        delx: 6.8070068359375
        dely: 0.0
        delz: 0.0
        diam: 13.61359977722168
        length: 6.8070068359375
        x: 615.0
        y: 557.6090087890625
        z: 30.866100311279297
    2:
        delx: 6.8060302734375
        dely: 0.0
        delz: 0.0
        diam: 13.61359977722168
        length: 6.8060302734375
        x: 621.8060302734375
        y: 557.6090087890625
        z: 30.866100311279297
n3d: 3
name: HL23PV[0].soma_0
nsegs: 1
segments:
    0.0:
        area: 0.0 um^2
        diam: 13.61359977722168
    0.5:
        area: 582.2076127805017 um^2
        diam: 13.61359977722168
    1.0:
        area: 0.0 um^2
        diam: 13.61359977722168
totalarea: 582.2076127805017

