3d points:
    0:
        delx: 0
        dely: 0
        delz: 0
        diam: 12.583999633789062
        length: 0
        x: 508.53399658203125
        y: 577.6160278320312
        z: 36.27009963989258
    1:
        delx: 6.2919921875
        dely: 0.0
        delz: 0.0
        diam: 12.583999633789062
        length: 6.2919921875
        x: 514.8259887695312
        y: 577.6160278320312
        z: 36.27009963989258
    2:
        delx: 6.2919921875
        dely: 0.0
        delz: 0.0
        diam: 12.583999633789062
        length: 6.2919921875
        x: 521.1179809570312
        y: 577.6160278320312
        z: 36.27009963989258
n3d: 3
name: HL23PYR[0].soma_0
nsegs: 1
segments:
    0.0:
        area: 0.0 um^2
        diam: 12.583999633789062
    0.5:
        area: 497.49273158035925 um^2
        diam: 12.583999633789062
    1.0:
        area: 0.0 um^2
        diam: 12.583999633789062
totalarea: 497.49273158035925

