3d points:
    0:
        delx: 0
        dely: 0
        delz: 0
        diam: 16.768800735473633
        length: 0
        x: 289.8399963378906
        y: 985.0390014648438
        z: 19.040000915527344
    1:
        delx: 8.385009765625
        dely: 0.0
        delz: 0.0
        diam: 16.768800735473633
        length: 8.385009765625
        x: 298.2250061035156
        y: 985.0390014648438
        z: 19.040000915527344
    2:
        delx: 8.384002685546875
        dely: 0.0
        delz: 0.0
        diam: 16.768800735473633
        length: 8.384002685546875
        x: 306.6090087890625
        y: 985.0390014648438
        z: 19.040000915527344
n3d: 3
name: HL23SST[0].soma_0
nsegs: 1
segments:
    0.0:
        area: 0.0 um^2
        diam: 16.768800735473633
    0.5:
        area: 883.4040051210222 um^2
        diam: 16.768800735473633
    1.0:
        area: 0.0 um^2
        diam: 16.768800735473633
totalarea: 883.4040051210222

