3d points:
    0:
        delx: 0
        dely: 0
        delz: 0
        diam: 16.93120002746582
        length: 0
        x: 305.1719970703125
        y: 263.23199462890625
        z: 28.84000015258789
    1:
        delx: 8.46600341796875
        dely: 0.0
        delz: 0.0
        diam: 16.93120002746582
        length: 8.46600341796875
        x: 313.63800048828125
        y: 263.23199462890625
        z: 28.84000015258789
    2:
        delx: 8.46600341796875
        dely: 0.0
        delz: 0.0
        diam: 16.93120002746582
        length: 8.46600341796875
        x: 322.10400390625
        y: 263.23199462890625
        z: 28.84000015258789
n3d: 3
name: HL23VIP[0].soma_0
nsegs: 1
segments:
    0.0:
        area: 0.0 um^2
        diam: 16.93120002746582
    0.5:
        area: 900.6292517102318 um^2
        diam: 16.93120002746582
    1.0:
        area: 0.0 um^2
        diam: 16.93120002746582
totalarea: 900.6292517102318

